2147483647C
0 0
3732 1
3717 1
-3817 -1
8399159 1
51553 1
9136182 1
45044 1
7086 1
-7216 -1
6959 1
-7088 -1
1068 1
-1094 -1
51397 1
105337 1
13977 1
6017 1
29279 1
-29719 -1
6164 1
6248 1
-6301 -1
6233 1
-6387 -1
4737887 1
11127709 1
5896 1
22498 1
17139 1
19704 1
19746 1
-20098 -1
-20057 -1
-17441 -1
10493 1
10693 1
11131691 1
-33581 -2
-10900 -1
4738483 1
339444 1
22810 1
-23192 -1
995155 1
4266 1
9529 1
-4352 -1
10842115 1
5513 1
5619 1
-5513 -1
5656 1
-5619 -1
3783 1
-3783 -1
5468 1
4849 1
5501 1
5738 1
-5501 -1
5729 1
-5738 -1
6652 1
6700 1
-6652 -1
6411 1
-6700 -1
8389 1
-6411 -1
8023 1
-8389 -1
5790 1
