2147483647C
0 0
18810 1
20052 1
14070 1
20558 1
8783 1
41846 1
47270 1
33648 1
32917 1
9016 1
33824 1
33963 1
33791 1
34104 1
34984 1
14527 1
33808 1
33618 1
33792 1
33907 1
33708 1
36739 1
33949 1
33935 1
33963 1
34206 1
20838 1
27959 1
43077 1
34018 1
33788 1
46688 1
42895 1
33378 1
35298 1
35323 1
33927 1
46722 1
38097 1
-38619 -1
25340 1
33857 1
42996 1
27038 1
14780 1
40960 1
14981 1
34125 1
46746 1
33894 1
12628 1
46842 1
27071 1
48368 1
32784 1
50538 1
43462 1
43546 1
43429 1
51923 1
34072 1
36227 1
33940 1
42827 1
51665 1
51685 1
51693 1
51397 1
41968 1
9020 1
33948 1
34036 1
33303 1
41722 1
33938 1
34764 1
33867 1
41929 1
14779 1
33807 1
35347 1
33333 1
42889 1
33943 1
32921 1
42994 1
33867 1
33763 1
327471 1
25500 1
46788 1
32841 1
33937 1
58041 1
41963 1
33490 1
51523 1
32349 1
46443 1
33989 1
34093 1
14794 1
5574 1
5574 1
33969 1
57035 1
24009 1
41887 1
46689 1
20595 1
57546 1
33976 1
46552 1
41945 1
-42605 -1
-47202 -1
-58429 -1
-47418 -1
-57913 -1
-34685 -1
-5674 -1
-5674 -1
-47168 -1
42931 1
14781 1
33927 1
46756 1
59121 1
48305 1
57973 1
58028 1
57953 1
41834 1
12533 1
46821 1
47738 1
47950 1
34748 1
-35554 -1
-48694 -1
-48479 -1
-47550 -1
-12754 -1
-42492 -1
-59100 -1
-59175 -1
-59120 -1
-60025 -1
-15037 -1
-43603 -1
-34692 -1
-20984 -1
-42545 -1
-34809 -1
-34705 -1
-32797 -1
-52322 -1
-33953 -1
-42624 -1
-58933 -1
-34651 -1
-33295 -1
-47517 -1
-25624 -1
-15050 -1
-34643 -1
41706 1
47216 1
51911 1
22350 1
32255 1
46800 1
46837 1
48212 1
41984 1
52623 1
42065 1
41934 1
55891 1
43002 1
42107 1
20626 1
19323 1
20606 1
48768 1
13312 1
41934 1
48046 1
42962 1
11342 1
142051 1
-144002 -1
41972 1
16463 1
-16770 -1
24931 1
16456 1
20851 1
34824 1
16497 1
24905 1
41918 1
20535 1
34281 1
11753 1
44551 1
12170 1
42827 1
34882 1
44091 1
48975 1
44201 1
34465 1
44134 1
34640 1
48632 1
44364 1
21337 1
49621 1
43896 1
43099 1
47970 1
35432 1
16516 1
17258 1
17275 1
23713 1
-23713 -1
5721 1
34882 1
34880 1
48248 1
47780 1
43818 1
48656 1
48027 1
43218 1
48169 1
43192 1
43565 1
43815 1
43142 1
49240 1
43510 1
44116 1
43359 1
53907 1
43497 1
43379 1
25968 1
17615 1
25634 1
9626 1
23253 1
23155 1
19421 1
25842 1
23133 1
23320 1
23344 1
23114 1
26033 1
22989 1
28704 1
20527 1
22810 1
20348 1
14549 1
22844 1
22205 1
23036 1
20515 1
